what,kind,bundleId,bundleVersion,description,time
activated,view,org.eclipse.jdt.ui,3.6.2.r362_v20110203,"org.eclipse.jdt.ui.PackageExplorer",1391695605028
activated,workbench,org.eclipse.ui.workbench,3.6.2.M20110210-1200,"",1391695607196
executed,command,org.eclipse.jdt.debug.ui,3.5.2.v20100928a_r362,"org.eclipse.jdt.debug.ui.localJavaShortcut.run",1391695607259
activated,editor,org.eclipse.jdt.ui,3.6.2.r362_v20110203,"org.eclipse.jdt.ui.CompilationUnitEditor",1391695621870
executed,command,org.eclipse.ui,3.6.2.M20110203-1100,"org.eclipse.ui.file.save",1391695631209
executed,command,org.eclipse.ui,3.6.2.M20110203-1100,"org.eclipse.ui.edit.copy",1391695697946
executed,command,org.eclipse.ui,3.6.2.M20110203-1100,"org.eclipse.ui.edit.paste",1391695700181
executed,command,org.eclipse.ui,3.6.2.M20110203-1100,"org.eclipse.ui.edit.copy",1391695709397
executed,command,org.eclipse.ui,3.6.2.M20110203-1100,"org.eclipse.ui.edit.paste",1391695711447
executed,command,org.eclipse.ui,3.6.2.M20110203-1100,"org.eclipse.ui.edit.paste",1391695712207
executed,command,org.eclipse.ui,3.6.2.M20110203-1100,"org.eclipse.ui.file.save",1391695728574
activated,view,org.eclipse.jdt.ui,3.6.2.r362_v20110203,"org.eclipse.jdt.ui.PackageExplorer",1391695730841
activated,workbench,org.eclipse.ui.workbench,3.6.2.M20110210-1200,"",1391695733137
executed,command,org.eclipse.jdt.debug.ui,3.5.2.v20100928a_r362,"org.eclipse.jdt.debug.ui.localJavaShortcut.run",1391695733193
deactivated,workbench,org.eclipse.ui.workbench,3.6.2.M20110210-1200,"",1391695793269
activated,workbench,org.eclipse.ui.workbench,3.6.2.M20110210-1200,"",1391696652529
deactivated,workbench,org.eclipse.ui.workbench,3.6.2.M20110210-1200,"",1391696681960
activated,workbench,org.eclipse.ui.workbench,3.6.2.M20110210-1200,"",1391696696907
deactivated,workbench,org.eclipse.ui.workbench,3.6.2.M20110210-1200,"",1391696714324
activated,workbench,org.eclipse.ui.workbench,3.6.2.M20110210-1200,"",1391696748618
deactivated,workbench,org.eclipse.ui.workbench,3.6.2.M20110210-1200,"",1391696771512
activated,workbench,org.eclipse.ui.workbench,3.6.2.M20110210-1200,"",1391696777316
executed,command,org.eclipse.ui,3.6.2.M20110203-1100,"org.eclipse.ui.edit.copy",1391696785818
deactivated,workbench,org.eclipse.ui.workbench,3.6.2.M20110210-1200,"",1391696793662
activated,workbench,org.eclipse.ui.workbench,3.6.2.M20110210-1200,"",1391696797700
executed,command,org.eclipse.ui,3.6.2.M20110203-1100,"org.eclipse.ui.edit.paste",1391696797785
deactivated,workbench,org.eclipse.ui.workbench,3.6.2.M20110210-1200,"",1391696809707
activated,workbench,org.eclipse.ui.workbench,3.6.2.M20110210-1200,"",1391696812621
deactivated,workbench,org.eclipse.ui.workbench,3.6.2.M20110210-1200,"",1391696812855
activated,workbench,org.eclipse.ui.workbench,3.6.2.M20110210-1200,"",1391696814321
opened,editor,org.eclipse.jdt.ui,3.6.2.r362_v20110203,"org.eclipse.jdt.ui.CompilationUnitEditor",1391696816544
activated,editor,org.eclipse.jdt.ui,3.6.2.r362_v20110203,"org.eclipse.jdt.ui.CompilationUnitEditor",1391696816569
executed,command,org.eclipse.ui,3.6.2.M20110203-1100,"org.eclipse.ui.file.save",1391696834762
executed,command,org.eclipse.jdt.ui,3.6.2.r362_v20110203,"org.eclipse.jdt.ui.edit.text.java.organize.imports",1391696842362
deactivated,workbench,org.eclipse.ui.workbench,3.6.2.M20110210-1200,"",1391697036921
activated,workbench,org.eclipse.ui.workbench,3.6.2.M20110210-1200,"",1391697038007
deactivated,workbench,org.eclipse.ui.workbench,3.6.2.M20110210-1200,"",1391697038040
activated,workbench,org.eclipse.ui.workbench,3.6.2.M20110210-1200,"",1391697042188
deactivated,workbench,org.eclipse.ui.workbench,3.6.2.M20110210-1200,"",1391697043883
activated,workbench,org.eclipse.ui.workbench,3.6.2.M20110210-1200,"",1391697063083
deactivated,workbench,org.eclipse.ui.workbench,3.6.2.M20110210-1200,"",1391697066132
activated,workbench,org.eclipse.ui.workbench,3.6.2.M20110210-1200,"",1391697073922
deactivated,workbench,org.eclipse.ui.workbench,3.6.2.M20110210-1200,"",1391697075780
activated,workbench,org.eclipse.ui.workbench,3.6.2.M20110210-1200,"",1391697076840
deactivated,workbench,org.eclipse.ui.workbench,3.6.2.M20110210-1200,"",1391697138520
activated,workbench,org.eclipse.ui.workbench,3.6.2.M20110210-1200,"",1391761121992
activated,view,org.eclipse.jdt.ui,3.6.2.r362_v20110203,"org.eclipse.jdt.ui.PackageExplorer",1391761125811
activated,editor,org.eclipse.jdt.ui,3.6.2.r362_v20110203,"org.eclipse.jdt.ui.CompilationUnitEditor",1391761131498
executed,command,org.eclipse.ui,3.6.2.M20110203-1100,"org.eclipse.ui.file.save",1391761142790
deactivated,workbench,org.eclipse.ui.workbench,3.6.2.M20110210-1200,"",1391761186745
activated,workbench,org.eclipse.ui.workbench,3.6.2.M20110210-1200,"",1391761361751
deactivated,workbench,org.eclipse.ui.workbench,3.6.2.M20110210-1200,"",1391761379525
activated,workbench,org.eclipse.ui.workbench,3.6.2.M20110210-1200,"",1391761385338
deactivated,workbench,org.eclipse.ui.workbench,3.6.2.M20110210-1200,"",1391761412543
activated,workbench,org.eclipse.ui.workbench,3.6.2.M20110210-1200,"",1391761416613
deactivated,workbench,org.eclipse.ui.workbench,3.6.2.M20110210-1200,"",1391761436139
activated,workbench,org.eclipse.ui.workbench,3.6.2.M20110210-1200,"",1391761441629
executed,command,org.eclipse.ui,3.6.2.M20110203-1100,"org.eclipse.ui.file.save",1391761449239
deactivated,workbench,org.eclipse.ui.workbench,3.6.2.M20110210-1200,"",1391761456993
activated,workbench,org.eclipse.ui.workbench,3.6.2.M20110210-1200,"",1391761465096
executed,command,org.eclipse.ui,3.6.2.M20110203-1100,"org.eclipse.ui.edit.copy",1391761493221
executed,command,org.eclipse.ui,3.6.2.M20110203-1100,"org.eclipse.ui.edit.paste",1391761494830
deactivated,workbench,org.eclipse.ui.workbench,3.6.2.M20110210-1200,"",1391761508632
activated,workbench,org.eclipse.ui.workbench,3.6.2.M20110210-1200,"",1391761518668
executed,command,org.eclipse.ui,3.6.2.M20110203-1100,"org.eclipse.ui.file.save",1391762114783
executed,command,org.eclipse.ui,3.6.2.M20110203-1100,"org.eclipse.ui.edit.copy",1391762126053
executed,command,org.eclipse.ui,3.6.2.M20110203-1100,"org.eclipse.ui.edit.paste",1391762134833
executed,command,org.eclipse.ui,3.6.2.M20110203-1100,"org.eclipse.ui.file.save",1391762188259
executed,command,org.eclipse.ui,3.6.2.M20110203-1100,"org.eclipse.ui.edit.copy",1391762201821
executed,command,org.eclipse.ui,3.6.2.M20110203-1100,"org.eclipse.ui.edit.paste",1391762205553
executed,command,org.eclipse.ui,3.6.2.M20110203-1100,"org.eclipse.ui.file.save",1391762207712
executed,command,org.eclipse.ui,3.6.2.M20110203-1100,"org.eclipse.ui.file.save",1391762277993
executed,command,org.eclipse.ui,3.6.2.M20110203-1100,"org.eclipse.ui.edit.copy",1391762392179
executed,command,org.eclipse.ui,3.6.2.M20110203-1100,"org.eclipse.ui.edit.paste",1391762394244
executed,command,org.eclipse.ui,3.6.2.M20110203-1100,"org.eclipse.ui.file.save",1391762403510
deactivated,workbench,org.eclipse.ui.workbench,3.6.2.M20110210-1200,"",1391762464309
activated,workbench,org.eclipse.ui.workbench,3.6.2.M20110210-1200,"",1391762468271
executed,command,org.eclipse.ui,3.6.2.M20110203-1100,"org.eclipse.ui.file.save",1391762475982
executed,command,org.eclipse.ui,3.6.2.M20110203-1100,"org.eclipse.ui.edit.copy",1391762490976
executed,command,org.eclipse.ui,3.6.2.M20110203-1100,"org.eclipse.ui.edit.paste",1391762495301
executed,command,org.eclipse.ui,3.6.2.M20110203-1100,"org.eclipse.ui.file.save",1391762496315
executed,command,org.eclipse.ui,3.6.2.M20110203-1100,"org.eclipse.ui.edit.copy",1391762540584
executed,command,org.eclipse.ui,3.6.2.M20110203-1100,"org.eclipse.ui.edit.paste",1391762542708
executed,command,org.eclipse.ui,3.6.2.M20110203-1100,"org.eclipse.ui.file.save",1391762556087
executed,command,org.eclipse.ui,3.6.2.M20110203-1100,"org.eclipse.ui.edit.copy",1391762616824
executed,command,org.eclipse.ui,3.6.2.M20110203-1100,"org.eclipse.ui.edit.paste",1391762619158
executed,command,org.eclipse.ui,3.6.2.M20110203-1100,"org.eclipse.ui.file.save",1391762626640
executed,command,org.eclipse.ui,3.6.2.M20110203-1100,"org.eclipse.ui.file.save",1391762688869
deactivated,workbench,org.eclipse.ui.workbench,3.6.2.M20110210-1200,"",1391762729211
activated,workbench,org.eclipse.ui.workbench,3.6.2.M20110210-1200,"",1391762755660
deactivated,workbench,org.eclipse.ui.workbench,3.6.2.M20110210-1200,"",1391762801557
activated,workbench,org.eclipse.ui.workbench,3.6.2.M20110210-1200,"",1391762808801
executed,command,org.eclipse.ui,3.6.2.M20110203-1100,"org.eclipse.ui.file.save",1391762903838
executed,command,org.eclipse.ui,3.6.2.M20110203-1100,"org.eclipse.ui.file.save",1391762913528
executed,command,org.eclipse.ui,3.6.2.M20110203-1100,"org.eclipse.ui.file.save",1391762968419
executed,command,org.eclipse.ui,3.6.2.M20110203-1100,"org.eclipse.ui.file.save",1391763100255
deactivated,workbench,org.eclipse.ui.workbench,3.6.2.M20110210-1200,"",1391763135946
activated,workbench,org.eclipse.ui.workbench,3.6.2.M20110210-1200,"",1391763191378
deactivated,workbench,org.eclipse.ui.workbench,3.6.2.M20110210-1200,"",1391763197336
activated,workbench,org.eclipse.ui.workbench,3.6.2.M20110210-1200,"",1391763405954
deactivated,workbench,org.eclipse.ui.workbench,3.6.2.M20110210-1200,"",1391763543987
activated,workbench,org.eclipse.ui.workbench,3.6.2.M20110210-1200,"",1391763544118
deactivated,workbench,org.eclipse.ui.workbench,3.6.2.M20110210-1200,"",1391763545277
activated,workbench,org.eclipse.ui.workbench,3.6.2.M20110210-1200,"",1391764529514
deactivated,workbench,org.eclipse.ui.workbench,3.6.2.M20110210-1200,"",1391764531167
activated,workbench,org.eclipse.ui.workbench,3.6.2.M20110210-1200,"",1391764534644
deactivated,workbench,org.eclipse.ui.workbench,3.6.2.M20110210-1200,"",1391764591595
activated,workbench,org.eclipse.ui.workbench,3.6.2.M20110210-1200,"",1391764593870
deactivated,workbench,org.eclipse.ui.workbench,3.6.2.M20110210-1200,"",1391764593980
activated,workbench,org.eclipse.ui.workbench,3.6.2.M20110210-1200,"",1391764831319
deactivated,workbench,org.eclipse.ui.workbench,3.6.2.M20110210-1200,"",1391764833319
activated,workbench,org.eclipse.ui.workbench,3.6.2.M20110210-1200,"",1391765287844
deactivated,workbench,org.eclipse.ui.workbench,3.6.2.M20110210-1200,"",1391765326293
activated,workbench,org.eclipse.ui.workbench,3.6.2.M20110210-1200,"",1391765495881
executed,command,org.eclipse.ui,3.6.2.M20110203-1100,"org.eclipse.ui.file.save",1391765570740
executed,command,org.eclipse.ui,3.6.2.M20110203-1100,"org.eclipse.ui.file.save",1391765575529
executed,command,org.eclipse.ui,3.6.2.M20110203-1100,"org.eclipse.ui.file.save",1391765631440
executed,command,org.eclipse.ui,3.6.2.M20110203-1100,"org.eclipse.ui.edit.copy",1391765659271
executed,command,org.eclipse.ui,3.6.2.M20110203-1100,"org.eclipse.ui.edit.paste",1391765660905
executed,command,org.eclipse.ui,3.6.2.M20110203-1100,"org.eclipse.ui.edit.copy",1391765926118
executed,command,org.eclipse.ui,3.6.2.M20110203-1100,"org.eclipse.ui.edit.paste",1391765927606
executed,command,org.eclipse.ui,3.6.2.M20110203-1100,"org.eclipse.ui.edit.copy",1391765952734
executed,command,org.eclipse.ui,3.6.2.M20110203-1100,"org.eclipse.ui.edit.paste",1391765960421
executed,command,org.eclipse.ui,3.6.2.M20110203-1100,"org.eclipse.ui.file.save",1391766028477
executed,command,org.eclipse.ui,3.6.2.M20110203-1100,"org.eclipse.ui.file.save",1391766074011
executed,command,org.eclipse.ui,3.6.2.M20110203-1100,"org.eclipse.ui.file.save",1391766114148
executed,command,org.eclipse.ui,3.6.2.M20110203-1100,"org.eclipse.ui.file.save",1391766268696
executed,command,org.eclipse.ui,3.6.2.M20110203-1100,"org.eclipse.ui.edit.copy",1391766291375
executed,command,org.eclipse.ui,3.6.2.M20110203-1100,"org.eclipse.ui.edit.paste",1391766297740
executed,command,org.eclipse.ui,3.6.2.M20110203-1100,"org.eclipse.ui.file.save",1391766303012
executed,command,org.eclipse.ui,3.6.2.M20110203-1100,"org.eclipse.ui.edit.copy",1391766407043
executed,command,org.eclipse.ui,3.6.2.M20110203-1100,"org.eclipse.ui.edit.paste",1391766412671
executed,command,org.eclipse.ui,3.6.2.M20110203-1100,"org.eclipse.ui.edit.copy",1391766442287
executed,command,org.eclipse.ui,3.6.2.M20110203-1100,"org.eclipse.ui.edit.paste",1391766443731
executed,command,org.eclipse.ui,3.6.2.M20110203-1100,"org.eclipse.ui.file.save",1391766447585
executed,command,org.eclipse.ui,3.6.2.M20110203-1100,"org.eclipse.ui.file.save",1391766459830
executed,command,org.eclipse.ui,3.6.2.M20110203-1100,"org.eclipse.ui.file.save",1391766468863
executed,command,org.eclipse.ui,3.6.2.M20110203-1100,"org.eclipse.ui.file.save",1391766473576
executed,command,org.eclipse.ui,3.6.2.M20110203-1100,"org.eclipse.ui.edit.copy",1391766549648
executed,command,org.eclipse.ui,3.6.2.M20110203-1100,"org.eclipse.ui.edit.paste",1391766551500
executed,command,org.eclipse.ui,3.6.2.M20110203-1100,"org.eclipse.ui.file.save",1391766577358
executed,command,org.eclipse.ui,3.6.2.M20110203-1100,"org.eclipse.ui.edit.copy",1391766601904
executed,command,org.eclipse.ui,3.6.2.M20110203-1100,"org.eclipse.ui.edit.paste",1391766605581
deactivated,workbench,org.eclipse.ui.workbench,3.6.2.M20110210-1200,"",1391766750174
activated,workbench,org.eclipse.ui.workbench,3.6.2.M20110210-1200,"",1391766753429
executed,command,org.eclipse.ui,3.6.2.M20110203-1100,"org.eclipse.ui.file.save",1391767539103
executed,command,org.eclipse.ui,3.6.2.M20110203-1100,"org.eclipse.ui.edit.cut",1391767700570
executed,command,org.eclipse.ui,3.6.2.M20110203-1100,"org.eclipse.ui.edit.paste",1391767702720
executed,command,org.eclipse.ui,3.6.2.M20110203-1100,"org.eclipse.ui.edit.copy",1391767711923
executed,command,org.eclipse.ui,3.6.2.M20110203-1100,"org.eclipse.ui.edit.paste",1391767714158
executed,command,org.eclipse.ui,3.6.2.M20110203-1100,"org.eclipse.ui.edit.paste",1391767717317
executed,command,org.eclipse.ui,3.6.2.M20110203-1100,"org.eclipse.ui.edit.copy",1391767728199
executed,command,org.eclipse.ui,3.6.2.M20110203-1100,"org.eclipse.ui.edit.paste",1391767733884
executed,command,org.eclipse.jdt.ui,3.6.2.r362_v20110203,"org.eclipse.jdt.ui.edit.text.java.add.import",1391767737674
deactivated,workbench,org.eclipse.ui.workbench,3.6.2.M20110210-1200,"",1391767741373
activated,workbench,org.eclipse.ui.workbench,3.6.2.M20110210-1200,"",1391767743053
executed,command,org.eclipse.jdt.ui,3.6.2.r362_v20110203,"org.eclipse.jdt.ui.edit.text.java.organize.imports",1391767743187
executed,command,org.eclipse.ui,3.6.2.M20110203-1100,"org.eclipse.ui.file.save",1391767769003
executed,command,org.eclipse.ui,3.6.2.M20110203-1100,"org.eclipse.ui.edit.copy",1391767779663
executed,command,org.eclipse.ui,3.6.2.M20110203-1100,"org.eclipse.ui.edit.paste",1391767783605
executed,command,org.eclipse.ui,3.6.2.M20110203-1100,"org.eclipse.ui.file.save",1391767788775
executed,command,org.eclipse.ui,3.6.2.M20110203-1100,"org.eclipse.ui.edit.copy",1391767806366
executed,command,org.eclipse.ui,3.6.2.M20110203-1100,"org.eclipse.ui.edit.paste",1391767807795
executed,command,org.eclipse.ui,3.6.2.M20110203-1100,"org.eclipse.ui.edit.copy",1391767836377
executed,command,org.eclipse.ui,3.6.2.M20110203-1100,"org.eclipse.ui.edit.paste",1391767837461
executed,command,org.eclipse.ui,3.6.2.M20110203-1100,"org.eclipse.ui.edit.copy",1391767986538
executed,command,org.eclipse.ui,3.6.2.M20110203-1100,"org.eclipse.ui.edit.paste",1391767989682
executed,command,org.eclipse.ui,3.6.2.M20110203-1100,"org.eclipse.ui.file.save",1391768013317
executed,command,org.eclipse.ui,3.6.2.M20110203-1100,"org.eclipse.ui.edit.cut",1391768047407
executed,command,org.eclipse.ui,3.6.2.M20110203-1100,"org.eclipse.ui.edit.paste",1391768050175
executed,command,org.eclipse.ui,3.6.2.M20110203-1100,"org.eclipse.ui.file.save",1391768138706
executed,command,org.eclipse.ui,3.6.2.M20110203-1100,"org.eclipse.ui.file.save",1391768251840
activated,view,org.eclipse.jdt.ui,3.6.2.r362_v20110203,"org.eclipse.jdt.ui.PackageExplorer",1391768445905
deactivated,workbench,org.eclipse.ui.workbench,3.6.2.M20110210-1200,"",1391768448800
activated,workbench,org.eclipse.ui.workbench,3.6.2.M20110210-1200,"",1391768454548
opened,editor,org.eclipse.jdt.ui,3.6.2.r362_v20110203,"org.eclipse.jdt.ui.CompilationUnitEditor",1391768454708
activated,editor,org.eclipse.jdt.ui,3.6.2.r362_v20110203,"org.eclipse.jdt.ui.CompilationUnitEditor",1391768454730
executed,command,org.eclipse.ui,3.6.2.M20110203-1100,"org.eclipse.ui.edit.copy",1391768526669
executed,command,org.eclipse.ui,3.6.2.M20110203-1100,"org.eclipse.ui.edit.paste",1391768527936
executed,command,org.eclipse.ui,3.6.2.M20110203-1100,"org.eclipse.ui.edit.copy",1391768534736
executed,command,org.eclipse.ui,3.6.2.M20110203-1100,"org.eclipse.ui.edit.paste",1391768535930
executed,command,org.eclipse.ui,3.6.2.M20110203-1100,"org.eclipse.ui.file.save",1391768576468
executed,command,org.eclipse.ui,3.6.2.M20110203-1100,"org.eclipse.ui.edit.copy",1391768595490
executed,command,org.eclipse.ui,3.6.2.M20110203-1100,"org.eclipse.ui.edit.paste",1391768597349
executed,command,org.eclipse.ui,3.6.2.M20110203-1100,"org.eclipse.ui.edit.copy",1391768632134
executed,command,org.eclipse.ui,3.6.2.M20110203-1100,"org.eclipse.ui.edit.paste",1391768633464
executed,command,org.eclipse.ui,3.6.2.M20110203-1100,"org.eclipse.ui.file.save",1391768646408
executed,command,org.eclipse.ui,3.6.2.M20110203-1100,"org.eclipse.ui.edit.copy",1391768654374
executed,command,org.eclipse.ui,3.6.2.M20110203-1100,"org.eclipse.ui.edit.paste",1391768656066
executed,command,org.eclipse.ui,3.6.2.M20110203-1100,"org.eclipse.ui.file.save",1391768662812
executed,command,org.eclipse.ui,3.6.2.M20110203-1100,"org.eclipse.ui.file.save",1391768693361
activated,view,org.eclipse.jdt.ui,3.6.2.r362_v20110203,"org.eclipse.jdt.ui.PackageExplorer",1391768698159
activated,editor,org.eclipse.jdt.ui,3.6.2.r362_v20110203,"org.eclipse.jdt.ui.CompilationUnitEditor",1391768699210
activated,editor,org.eclipse.jdt.ui,3.6.2.r362_v20110203,"org.eclipse.jdt.ui.CompilationUnitEditor",1391768707005
executed,command,org.eclipse.ui,3.6.2.M20110203-1100,"org.eclipse.ui.file.save",1391768710936
executed,command,org.eclipse.ui,3.6.2.M20110203-1100,"org.eclipse.ui.file.save",1391768723653
activated,view,org.eclipse.jdt.ui,3.6.2.r362_v20110203,"org.eclipse.jdt.ui.PackageExplorer",1391768726802
activated,workbench,org.eclipse.ui.workbench,3.6.2.M20110210-1200,"",1391768730149
executed,command,org.eclipse.jdt.debug.ui,3.5.2.v20100928a_r362,"org.eclipse.jdt.debug.ui.localJavaShortcut.run",1391768730235
activated,editor,org.eclipse.jdt.ui,3.6.2.r362_v20110203,"org.eclipse.jdt.ui.CompilationUnitEditor",1391768758685
executed,command,org.eclipse.ui,3.6.2.M20110203-1100,"org.eclipse.ui.file.save",1391768791523
executed,command,org.eclipse.ui,3.6.2.M20110203-1100,"org.eclipse.ui.file.save",1391768795723
executed,command,org.eclipse.ui,3.6.2.M20110203-1100,"org.eclipse.ui.file.save",1391768808678
activated,view,org.eclipse.jdt.ui,3.6.2.r362_v20110203,"org.eclipse.jdt.ui.PackageExplorer",1391768811413
activated,workbench,org.eclipse.ui.workbench,3.6.2.M20110210-1200,"",1391768813437
executed,command,org.eclipse.jdt.debug.ui,3.5.2.v20100928a_r362,"org.eclipse.jdt.debug.ui.localJavaShortcut.run",1391768813497
activated,editor,org.eclipse.jdt.ui,3.6.2.r362_v20110203,"org.eclipse.jdt.ui.CompilationUnitEditor",1391768820560
executed,command,org.eclipse.ui,3.6.2.M20110203-1100,"org.eclipse.ui.file.save",1391768870018
executed,command,org.eclipse.ui,3.6.2.M20110203-1100,"org.eclipse.ui.edit.copy",1391768878225
executed,command,org.eclipse.ui,3.6.2.M20110203-1100,"org.eclipse.ui.edit.paste",1391768880231
executed,command,org.eclipse.ui,3.6.2.M20110203-1100,"org.eclipse.ui.file.save",1391768881710
activated,view,org.eclipse.jdt.ui,3.6.2.r362_v20110203,"org.eclipse.jdt.ui.PackageExplorer",1391768883027
activated,workbench,org.eclipse.ui.workbench,3.6.2.M20110210-1200,"",1391768885279
executed,command,org.eclipse.jdt.debug.ui,3.5.2.v20100928a_r362,"org.eclipse.jdt.debug.ui.localJavaShortcut.run",1391768885343
deactivated,workbench,org.eclipse.ui.workbench,3.6.2.M20110210-1200,"",1391771879972
activated,workbench,org.eclipse.ui.workbench,3.6.2.M20110210-1200,"",1391774327494
activated,editor,org.eclipse.jdt.ui,3.6.2.r362_v20110203,"org.eclipse.jdt.ui.CompilationUnitEditor",1391774353894
activated,view,org.eclipse.jdt.ui,3.6.2.r362_v20110203,"org.eclipse.jdt.ui.PackageExplorer",1391774357671
activated,editor,org.eclipse.jdt.ui,3.6.2.r362_v20110203,"org.eclipse.jdt.ui.CompilationUnitEditor",1391774357969
deactivated,workbench,org.eclipse.ui.workbench,3.6.2.M20110210-1200,"",1391774376151
activated,workbench,org.eclipse.ui.workbench,3.6.2.M20110210-1200,"",1391774381004
deactivated,workbench,org.eclipse.ui.workbench,3.6.2.M20110210-1200,"",1391774418304
activated,workbench,org.eclipse.ui.workbench,3.6.2.M20110210-1200,"",1391774419507
deactivated,workbench,org.eclipse.ui.workbench,3.6.2.M20110210-1200,"",1391774450808
activated,workbench,org.eclipse.ui.workbench,3.6.2.M20110210-1200,"",1391790713122
deactivated,workbench,org.eclipse.ui.workbench,3.6.2.M20110210-1200,"",1391790716919
activated,workbench,org.eclipse.ui.workbench,3.6.2.M20110210-1200,"",1392021240324
activated,view,org.eclipse.jdt.ui,3.6.2.r362_v20110203,"org.eclipse.jdt.ui.PackageExplorer",1392021247225
activated,editor,org.eclipse.jdt.ui,3.6.2.r362_v20110203,"org.eclipse.jdt.ui.CompilationUnitEditor",1392021251187
deactivated,workbench,org.eclipse.ui.workbench,3.6.2.M20110210-1200,"",1392021549097
activated,workbench,org.eclipse.ui.workbench,3.6.2.M20110210-1200,"",1392123542505
deactivated,workbench,org.eclipse.ui.workbench,3.6.2.M20110210-1200,"",1392123542631
activated,workbench,org.eclipse.ui.workbench,3.6.2.M20110210-1200,"",1392123555532
activated,view,org.eclipse.jdt.ui,3.6.2.r362_v20110203,"org.eclipse.jdt.ui.PackageExplorer",1392123557957
activated,editor,org.eclipse.jdt.ui,3.6.2.r362_v20110203,"org.eclipse.jdt.ui.CompilationUnitEditor",1392123571608
activated,view,org.eclipse.jdt.ui,3.6.2.r362_v20110203,"org.eclipse.jdt.ui.PackageExplorer",1392123579500
activated,editor,org.eclipse.jdt.ui,3.6.2.r362_v20110203,"org.eclipse.jdt.ui.CompilationUnitEditor",1392123579780
activated,view,org.eclipse.jdt.ui,3.6.2.r362_v20110203,"org.eclipse.jdt.ui.PackageExplorer",1392123591752
activated,editor,org.eclipse.jdt.ui,3.6.2.r362_v20110203,"org.eclipse.jdt.ui.CompilationUnitEditor",1392123592072
activated,view,org.eclipse.jdt.ui,3.6.2.r362_v20110203,"org.eclipse.jdt.ui.PackageExplorer",1392123718513
activated,editor,org.eclipse.jdt.ui,3.6.2.r362_v20110203,"org.eclipse.jdt.ui.CompilationUnitEditor",1392123718756
deactivated,workbench,org.eclipse.ui.workbench,3.6.2.M20110210-1200,"",1392124109731
activated,workbench,org.eclipse.ui.workbench,3.6.2.M20110210-1200,"",1392124787765
deactivated,workbench,org.eclipse.ui.workbench,3.6.2.M20110210-1200,"",1392124790351
activated,workbench,org.eclipse.ui.workbench,3.6.2.M20110210-1200,"",1392128477046
activated,view,org.eclipse.jdt.ui,3.6.2.r362_v20110203,"org.eclipse.jdt.ui.PackageExplorer",1392128501319
activated,editor,org.eclipse.jdt.ui,3.6.2.r362_v20110203,"org.eclipse.jdt.ui.CompilationUnitEditor",1392128504270
activated,view,org.eclipse.jdt.ui,3.6.2.r362_v20110203,"org.eclipse.jdt.ui.PackageExplorer",1392128553690
activated,editor,org.eclipse.jdt.ui,3.6.2.r362_v20110203,"org.eclipse.jdt.ui.CompilationUnitEditor",1392128558574
executed,command,org.eclipse.ui,3.6.2.M20110203-1100,"org.eclipse.ui.file.save",1392128572974
activated,view,org.eclipse.jdt.ui,3.6.2.r362_v20110203,"org.eclipse.jdt.ui.PackageExplorer",1392128575927
activated,workbench,org.eclipse.ui.workbench,3.6.2.M20110210-1200,"",1392128579507
executed,command,org.eclipse.jdt.debug.ui,3.5.2.v20100928a_r362,"org.eclipse.jdt.debug.ui.localJavaShortcut.run",1392128579581
activated,editor,org.eclipse.jdt.ui,3.6.2.r362_v20110203,"org.eclipse.jdt.ui.CompilationUnitEditor",1392128613222
activated,view,org.eclipse.jdt.ui,3.6.2.r362_v20110203,"org.eclipse.jdt.ui.PackageExplorer",1392128687795
activated,editor,org.eclipse.jdt.ui,3.6.2.r362_v20110203,"org.eclipse.jdt.ui.CompilationUnitEditor",1392128688091
activated,view,org.eclipse.jdt.ui,3.6.2.r362_v20110203,"org.eclipse.jdt.ui.PackageExplorer",1392128764566
activated,editor,org.eclipse.jdt.ui,3.6.2.r362_v20110203,"org.eclipse.jdt.ui.CompilationUnitEditor",1392128764888
executed,command,org.eclipse.ui,3.6.2.M20110203-1100,"org.eclipse.ui.file.save",1392128791839
deactivated,workbench,org.eclipse.ui.workbench,3.6.2.M20110210-1200,"",1392128912266
activated,workbench,org.eclipse.ui.workbench,3.6.2.M20110210-1200,"",1392211500583
deactivated,workbench,org.eclipse.ui.workbench,3.6.2.M20110210-1200,"",1392211503115
executed,command,org.eclipse.ui,3.6.2.M20110203-1100,"org.eclipse.ui.edit.undo",1392211509476
activated,workbench,org.eclipse.ui.workbench,3.6.2.M20110210-1200,"",1392278448871
executed,command,org.eclipse.ui,3.6.2.M20110203-1100,"org.eclipse.ui.file.save",1392278461414
deactivated,workbench,org.eclipse.ui.workbench,3.6.2.M20110210-1200,"",1392278508660
activated,workbench,org.eclipse.ui.workbench,3.6.2.M20110210-1200,"",1392279190164
deactivated,workbench,org.eclipse.ui.workbench,3.6.2.M20110210-1200,"",1392279191414
activated,workbench,org.eclipse.ui.workbench,3.6.2.M20110210-1200,"",1392279193622
deactivated,workbench,org.eclipse.ui.workbench,3.6.2.M20110210-1200,"",1392279196503
activated,view,org.eclipse.jdt.ui,3.6.2.r362_v20110203,"org.eclipse.jdt.ui.PackageExplorer",1392280266423
activated,workbench,org.eclipse.ui.workbench,3.6.2.M20110210-1200,"",1392280266560
activated,editor,org.eclipse.jdt.ui,3.6.2.r362_v20110203,"org.eclipse.jdt.ui.CompilationUnitEditor",1392280266578
activated,view,org.eclipse.jdt.ui,3.6.2.r362_v20110203,"org.eclipse.jdt.ui.PackageExplorer",1392280268183
deactivated,workbench,org.eclipse.ui.workbench,3.6.2.M20110210-1200,"",1392280365632
